06/02/18,84346,79135,75638,73508,72108,72768,73488,76801,81835,87002,91312,94698
97197,98859,100145,101133,101671,101145,99358,97104,95270,92952,87963,81807
06/03/18,74982,70796,67958,66157,65223,65340,65788,67995,72345,76521,79689,82190
84203,85510,86432,87362,88255,88899,88382,87530,87011,85242,80368,74650
06/04/18,69003,66109,64469,63915,64990,69043,75394,80894,84179,86523,88762,90461
91945,93408,94418,95320,96182,96586,95827,94372,93457,90940,84488,77473
06/05/18,70882,67477,65431,64524,65313,68968,75014,80364,83543,85857,88114,89882
91333,92902,94005,94916,95732,95991,95021,93285,92371,90335,84035,76952
06/06/18,70801,67398,65357,64480,65280,69010,75123,80398,83401,85630,87683,89401
90811,92411,93624,94618,95581,95840,94970,93399,92751,90790,84484,77460
06/07/18,71543,67949,65893,64966,65733,69478,75577,81084,84492,87289,90006,92509
94689,97085,98873,100499,101859,102192,100991,99001,97795,95486,88741,81113
06/08/18,74988,70980,68536,67300,67825,71204,77031,82698,86844,90557,94221,97357
100084,102694,104686,106085,107076,106650,104330,101072,98922,96589,90648,83372
