

Data updated as of THU  MAY  31 07:15:00 2018.

                       MID ATLANTIC REGION HOUR ENDING INTEGRATED FORECAST LOAD MW

   Date         1      2      3      4      5      6      7      8      9      10     11     12
+-----------++-----++-----++-----++-----++-----++-----++-----++-----++-----++-----++-----++-----+
 05/31/18 am  25940  24982  24213  23907  24297  25821  28451  30451  31513  32332  33175  33969
          pm  34671  35589  36349  37102  38076  38551  38059  37179  36598  35204  32386  29475 
 06/01/18 am  28156  26616  25625  25087  25275  26577  29079  31631  33558  35339  37124  38820
          pm  40227  41523  42502  43225  43855  43901  42736  41141  40166  38808  36021  32801 
 06/02/18 am  29864  28064  26842  25988  25642  25862  26557  27834  29677  31403  32779  33784
          pm  34531  35071  35481  35856  36162  36077  35409  34656  34165  33010  31081  28813 
 06/03/18 am  25693  24169  23181  22604  22293  22411  22700  23512  24897  26058  26791  27326
          pm  27598  27783  27930  28240  28726  29237  29216  29232  29437  28442  26496  24501 
 06/04/18 am  22554  21700  21272  21205  21773  23512  26174  28129  28849  29233  29565  29715
          pm  29769  29958  30021  30282  30763  31222  31178  30963  31176  30021  27538  25175 
 06/05/18 am  23212  22191  21642  21477  21918  23515  26089  28008  28749  29175  29600  29905
          pm  30085  30396  30555  30834  31335  31727  31576  31208  31339  30278  27795  25376 
 06/06/18 am  23433  22396  21785  21582  22025  23604  26204  28137  28829  29241  29609  29878
          pm  30028  30312  30517  30822  31337  31665  31495  31164  31388  30356  27862  25463 

                       AP HOUR ENDING INTEGRATED FORECAST LOAD MW

   Date         1      2      3      4      5      6      7      8      9      10     11     12
+-----------++-----++-----++-----++-----++-----++-----++-----++-----++-----++-----++-----++-----+
 05/31/18 am   5307   5159   5002   4832   4951   5141   5491   5786   6052   6311   6613   6861
          pm   7075   7260   7396   7471   7533   7534   7444   7223   7080   6861   6312   5789 
 06/01/18 am   5286   5024   4869   4820   4838   5039   5392   5682   5925   6182   6456   6686
          pm   6887   7053   7138   7199   7247   7169   6992   6788   6618   6408   5934   5468 
 06/02/18 am   5043   4799   4639   4567   4525   4578   4665   4867   5169   5444   5641   5780
          pm   5873   5941   6009   6081   6133   6117   6028   5904   5779   5628   5255   4883 
 06/03/18 am   4565   4356   4216   4139   4101   4122   4168   4355   4662   4953   5169   5336
          pm   5478   5581   5667   5751   5851   5899   5846   5750   5685   5551   5174   4807 
 06/04/18 am   4501   4326   4234   4212   4269   4516   4841   5130   5318   5469   5609   5727
          pm   5815   5890   5948   6009   6069   6072   6040   5961   5908   5755   5320   4916 
 06/05/18 am   4580   4409   4305   4264   4306   4539   4862   5115   5265   5410   5548   5660
          pm   5760   5830   5897   5957   6013   6024   5972   5880   5818   5671   5248   4826 
 06/06/18 am   4528   4342   4257   4236   4296   4518   4836   5088   5225   5358   5493   5615
          pm   5720   5812   5888   5973   6056   6084   6041   5934   5878   5750   5313   4887 

                       AEP HOUR ENDING INTEGRATED FORECAST LOAD MW

   Date         1      2      3      4      5      6      7      8      9      10     11     12
+-----------++-----++-----++-----++-----++-----++-----++-----++-----++-----++-----++-----++-----+
 05/31/18 am  14027  13291  12805  12763  12914  13446  14284  15090  15822  16641  17556  18412
          pm  19230  19838  20272  20378  20480  20288  19931  19372  18825  18401  17143  15710 
 06/01/18 am  14492  13620  13075  12713  12699  13128  13889  14898  15759  16698  17641  18331
          pm  18943  19263  19444  19239  19117  18743  18098  17482  16971  16604  15783  14486 
 06/02/18 am  12627  11956  11490  11212  11076  11219  11385  11837  12566  13316  13981  14509
          pm  14963  15258  15474  15682  15849  15777  15462  15016  14621  14343  13533  12553 
 06/03/18 am  11633  11061  10692  10441  10344  10406  10526  10854  11600  12336  12943  13452
          pm  14066  14454  14716  14996  15187  15269  15142  14892  14737  14507  13652  12679 
 06/04/18 am  11863  11375  11082  10975  11105  11723  12679  13444  13950  14434  14971  15384
          pm  15902  16261  16450  16531  16591  16491  16225  15921  15642  15334  14255  13103 
 06/05/18 am  12152  11563  11222  11056  11157  11758  12645  13365  13835  14275  14757  15180
          pm  15649  16063  16322  16460  16585  16541  16283  15946  15633  15359  14280  13081 
 06/06/18 am  12163  11561  11200  11047  11136  11717  12583  13291  13787  14291  14780  15258
          pm  15783  16279  16605  16854  17047  17004  16752  16419  16068  15791  14672  13420 

                       DAYTON HOUR ENDING INTEGRATED FORECAST LOAD MW

   Date         1      2      3      4      5      6      7      8      9      10     11     12
+-----------++-----++-----++-----++-----++-----++-----++-----++-----++-----++-----++-----++-----+
 05/31/18 am   2030   1928   1854   1819   1824   1918   2084   2220   2317   2421   2544   2653
          pm   2763   2878   2952   2961   2983   2966   2906   2823   2726   2663   2484   2272 
 06/01/18 am   2058   1932   1842   1785   1785   1867   2020   2154   2253   2353   2458   2533
          pm   2602   2641   2649   2626   2585   2521   2446   2356   2286   2238   2098   1911 
 06/02/18 am   1716   1608   1544   1501   1484   1506   1535   1597   1701   1810   1893   1958
          pm   2006   2050   2084   2118   2153   2152   2113   2049   1995   1966   1856   1712 
 06/03/18 am   1556   1468   1407   1370   1347   1354   1373   1421   1523   1629   1714   1795
          pm   1869   1928   1987   2033   2091   2127   2113   2082   2041   2017   1903   1767 
 06/04/18 am   1629   1557   1509   1490   1513   1611   1777   1901   1980   2058   2138   2203
          pm   2276   2341   2393   2414   2420   2416   2372   2312   2258   2200   2042   1867 
 06/05/18 am   1705   1613   1549   1519   1533   1625   1783   1908   1990   2073   2153   2210
          pm   2275   2334   2382   2404   2418   2414   2378   2319   2273   2226   2068   1881 
 06/06/18 am   1740   1638   1567   1536   1551   1642   1797   1929   2011   2104   2196   2269
          pm   2349   2425   2486   2529   2559   2560   2519   2453   2392   2335   2164   1964 

                       COMED HOUR ENDING INTEGRATED FORECAST LOAD MW

   Date         1      2      3      4      5      6      7      8      9      10     11     12
+-----------++-----++-----++-----++-----++-----++-----++-----++-----++-----++-----++-----++-----+
 05/31/18 am  12233  11053  10552  10084   9936   9985  10426  11490  12710  13769  14606  15387
          pm  16008  16529  17276  17477  17438  17306  16980  16142  15335  15055  14546  13487 
 06/01/18 am  12322  11374  10699  10225   9971   9989  10345  11053  11837  12401  12756  12976
          pm  13101  13159  13265  13184  12949  12754  12402  11963  11653  11549  11341  10642 
 06/02/18 am   9284   8732   8362   8134   8015   8015   8091   8326   8796   9352   9800  10135
          pm  10308  10368  10405  10421  10488  10533  10547  10432  10232  10251  10098   9570 
 06/03/18 am   8899   8403   8055   7815   7654   7612   7530   7610   7957   8434   8911   9312
          pm   9634   9865  10064  10225  10361  10469  10509  10412  10253  10252  10102   9582 
 06/04/18 am   9025   8562   8284   8114   8075   8275   8820   9751  10664  11246  11714  12147
          pm  12463  12724  12992  13154  13209  13216  13106  12815  12448  12239  11785  10872 
 06/05/18 am   9873   9259   8848   8582   8469   8595   9072   9935  10747  11238  11611  11967
          pm  12226  12433  12669  12801  12810  12798  12654  12333  12000  11839  11387  10550 
 06/06/18 am   9657   9062   8706   8479   8399   8552   9041   9950  10844  11503  12095  12711
          pm  13219  13654  14214  14565  14860  15004  14893  14542  14090  13833  13292  12275 

                       DUQUESNE HOUR ENDING INTEGRATED FORECAST LOAD MW

   Date         1      2      3      4      5      6      7      8      9      10     11     12
+-----------++-----++-----++-----++-----++-----++-----++-----++-----++-----++-----++-----++-----+
 05/31/18 am   1672   1636   1576   1536   1542   1601   1705   1798   1891   1995   2087   2176
          pm   2251   2308   2363   2400   2435   2417   2365   2291   2216   2133   1967   1803 
 06/01/18 am   1623   1534   1479   1453   1454   1513   1614   1699   1793   1879   1964   2045
          pm   2121   2176   2185   2186   2201   2171   2107   2025   1959   1894   1771   1637 
 06/02/18 am   1524   1438   1381   1339   1327   1336   1357   1402   1483   1560   1625   1690
          pm   1736   1767   1789   1811   1843   1839   1811   1775   1745   1699   1601   1494 
 06/03/18 am   1383   1312   1264   1231   1220   1226   1240   1279   1360   1451   1530   1601
          pm   1670   1721   1753   1776   1803   1808   1788   1758   1728   1698   1595   1478 
 06/04/18 am   1331   1273   1235   1220   1235   1289   1380   1466   1542   1600   1660   1701
          pm   1732   1755   1768   1787   1783   1756   1732   1694   1670   1629   1516   1396 
 06/05/18 am   1275   1221   1190   1177   1188   1244   1336   1430   1502   1556   1612   1649
          pm   1681   1709   1717   1734   1747   1737   1703   1664   1636   1608   1504   1386 
 06/06/18 am   1281   1231   1201   1186   1202   1260   1349   1435   1501   1558   1611   1661
          pm   1695   1736   1760   1780   1803   1797   1759   1720   1684   1648   1531   1408 

                       ATSI HOUR ENDING INTEGRATED FORECAST LOAD MW

   Date         1      2      3      4      5      6      7      8      9      10     11     12
+-----------++-----++-----++-----++-----++-----++-----++-----++-----++-----++-----++-----++-----+
 05/31/18 am   8011   7684   7408   7179   7362   7646   8264   8722   9146   9575  10050  10421
          pm  10707  10990  11174  11281  11366  11283  11104  10789  10512  10267   9611   8864 
 06/01/18 am   7819   7420   7127   6972   7013   7283   7831   8305   8688   9066   9453   9708
          pm   9924  10066  10091   9994   9882   9620   9332   8999   8807   8584   7973   7321 
 06/02/18 am   6642   6340   6104   5948   5917   6008   6157   6375   6690   7019   7241   7412
          pm   7509   7547   7573   7616   7669   7609   7531   7435   7356   7260   6885   6423 
 06/03/18 am   5964   5710   5538   5407   5378   5420   5462   5628   5958   6292   6558   6819
          pm   7022   7167   7290   7433   7546   7605   7569   7527   7489   7443   7049   6626 
 06/04/18 am   6227   5998   5873   5808   5892   6243   6766   7239   7559   7792   8026   8173
          pm   8287   8412   8403   8377   8341   8255   8161   8064   7999   7917   7429   6889 
 06/05/18 am   6328   6081   5923   5849   5934   6251   6735   7178   7463   7680   7894   8027
          pm   8097   8195   8190   8195   8182   8123   8020   7874   7795   7756   7262   6720 
 06/06/18 am   6275   6023   5880   5807   5885   6219   6697   7132   7411   7625   7866   8012
          pm   8138   8317   8389   8425   8429   8353   8237   8078   8030   7980   7446   6880 

                       DEOK HOUR ENDING INTEGRATED FORECAST LOAD MW

   Date         1      2      3      4      5      6      7      8      9      10     11     12
+-----------++-----++-----++-----++-----++-----++-----++-----++-----++-----++-----++-----++-----+
 05/31/18 am   3088   2951   2841   2773   2771   2916   3078   3273   3439   3632   3853   4061
          pm   4251   4421   4550   4643   4715   4703   4620   4455   4294   4181   3871   3480 
 06/01/18 am   3234   3020   2873   2783   2772   2895   3114   3285   3441   3606   3784   3926
          pm   4042   4129   4175   4183   4173   4132   4028   3878   3751   3672   3452   3167 
 06/02/18 am   2908   2729   2583   2499   2462   2481   2540   2624   2802   3008   3208   3370
          pm   3483   3569   3662   3740   3793   3801   3741   3623   3507   3419   3222   2977 
 06/03/18 am   2688   2517   2393   2314   2273   2274   2289   2359   2538   2744   2946   3124
          pm   3253   3345   3404   3491   3566   3604   3571   3490   3387   3330   3132   2874 
 06/04/18 am   2615   2473   2375   2330   2351   2481   2702   2882   3030   3185   3357   3501
          pm   3622   3729   3810   3850   3872   3873   3816   3707   3587   3498   3243   2946 
 06/05/18 am   2683   2520   2419   2357   2365   2493   2712   2872   3018   3166   3340   3471
          pm   3590   3716   3811   3872   3905   3907   3851   3735   3626   3547   3296   2987 
 06/06/18 am   2707   2533   2410   2350   2357   2472   2672   2841   2990   3160   3348   3486
          pm   3622   3769   3894   4005   4088   4112   4056   3921   3774   3651   3378   3066 

                       EKPC HOUR ENDING INTEGRATED FORECAST LOAD MW

   Date         1      2      3      4      5      6      7      8      9      10     11     12
+-----------++-----++-----++-----++-----++-----++-----++-----++-----++-----++-----++-----++-----+
 05/31/18 am   1337   1303   1248   1210   1163   1216   1329   1333   1376   1442   1542   1650
          pm   1738   1811   1872   1930   1968   1982   1976   1919   1842   1825   1674   1478 
 06/01/18 am   1361   1261   1192   1158   1158   1198   1282   1335   1400   1472   1535   1645
          pm   1746   1815   1872   1927   1973   1996   1981   1891   1839   1804   1695   1542 
 06/02/18 am   1355   1253   1175   1128   1102   1106   1117   1168   1291   1418   1532   1641
          pm   1725   1800   1851   1903   1921   1921   1898   1833   1742   1703   1593   1455 
 06/03/18 am   1308   1211   1137   1089   1069   1060   1068   1123   1260   1386   1465   1547
          pm   1629   1698   1734   1766   1782   1796   1787   1753   1693   1658   1531   1372 
 06/04/18 am   1223   1142   1091   1056   1061   1112   1214   1275   1316   1369   1435   1515
          pm   1582   1638   1693   1730   1768   1788   1800   1756   1690   1648   1502   1336 
 06/05/18 am   1196   1101   1066   1037   1040   1084   1179   1238   1273   1318   1394   1471
          pm   1549   1629   1692   1759   1816   1850   1853   1801   1727   1694   1539   1362 
 06/06/18 am   1201   1112   1055   1019   1015   1059   1163   1217   1241   1299   1363   1445
          pm   1536   1621   1693   1778   1826   1869   1865   1821   1753   1715   1560   1372 

                       WESTERN REGION HOUR ENDING INTEGRATED FORECAST LOAD MW

   Date          1       2       3       4       5       6       7       8       9      10      11      12
+-----------++------++------++------++------++------++------++------++------++------++------++------++------+
 05/31/18 am   47705   45005   43286   42196   42013   43869   46636   49737   52778   55811   58876   61646
          pm   64048   66060   67880   68566   68943   68504   67351   65039   62855   61411   57633   52908 
 06/01/18 am   48195   45185   43156   41909   41690   42912   45487   48411   51096   53657   56047   57850
          pm   59366   60302   60819   60538   60127   59106   57386   55382   53884   52753   50047   46174 
 06/02/18 am   41099   38855   37278   36328   35908   36249   36847   38196   40498   42927   44921   46495
          pm   47603   48300   48847   49372   49849   49749   49131   48067   46977   46269   44043   41067 
 06/03/18 am   37996   36038   34702   33806   33386   33474   33656   34629   36858   39225   41236   42986
          pm   44621   45759   46615   47471   48187   48577   48325   47664   47013   46456   44138   41185 
 06/04/18 am   38414   36706   35683   35205   35501   37250   40179   43088   45359   47153   48910   50351
          pm   51679   52750   53457   53852   54053   53867   53252   52230   51202   50220   47092   43325 
 06/05/18 am   39792   37767   36522   35841   35992   37589   40324   43041   45093   46716   48309   49635
          pm   50827   51909   52680   53182   53476   53394   52714   51552   50508   49700   46584   42793 
 06/06/18 am   39552   37502   36276   35660   35841   37439   40138   42883   45010   46898   48752   50457
          pm   52062   53613   54929   55909   56668   56783   56122   54888   53669   52703   49356   45272 

                       DOMINION HOUR ENDING INTEGRATED FORECAST LOAD MW

   Date         1      2      3      4      5      6      7      8      9      10     11     12
+-----------++-----++-----++-----++-----++-----++-----++-----++-----++-----++-----++-----++-----+
 05/31/18 am   9989   9444   9109   8955   9064   9629  10598  11360  11800  12389  13080  13706
          pm  14310  14858  15266  15529  15674  15590  15288  14793  14390  13670  12491  11340 
 06/01/18 am  10517   9904   9542   9358   9439   9926  10663  11486  12219  13045  13889  14658
          pm  15312  15870  16274  16545  16620  16458  16058  15408  14832  14109  13062  12049 
 06/02/18 am  11122  10464   9999   9703   9580   9664   9878  10460  11309  12160  12919  13509
          pm  13966  14232  14437  14505  14430  14201  13872  13453  13116  12599  11784  10906 
 06/03/18 am   9957   9370   8993   8711   8595   8593   8681   9071   9718  10317  10727  10997
          pm  11229  11383  11512  11558  11584  11567  11494  11325  11228  10885  10161   9356 
 06/04/18 am   8474   8062   7818   7754   7918   8469   9294   9936  10255  10567  10886  11193
          pm  11460  11747  12021  12270  12448  12538  12415  12174  11955  11401  10424   9459 
 06/05/18 am   8575   8114   7851   7733   7865   8384   9213   9923  10302  10675  11096  11480
          pm  11833  12213  12544  12857  13100  13138  12926  12525  12239  11743  10713   9665 
 06/06/18 am   8735   8241   7951   7825   7946   8477   9342   9999  10323  10652  11007  11321
          pm  11618  11960  12252  12508  12692  12706  12507  12177  12025  11521  10539   9537 

                       SOUTHERN REGION HOUR ENDING INTEGRATED FORECAST LOAD MW

   Date          1       2       3       4       5       6       7       8       9      10      11      12
+-----------++------++------++------++------++------++------++------++------++------++------++------++------+
 05/31/18 am    9989    9444    9109    8955    9064    9629   10598   11360   11800   12389   13080   13706
          pm   14310   14858   15266   15529   15674   15590   15288   14793   14390   13670   12491   11340 
 06/01/18 am   10517    9904    9542    9358    9439    9926   10663   11486   12219   13045   13889   14658
          pm   15312   15870   16274   16545   16620   16458   16058   15408   14832   14109   13062   12049 
 06/02/18 am   11122   10464    9999    9703    9580    9664    9878   10460   11309   12160   12919   13509
          pm   13966   14232   14437   14505   14430   14201   13872   13453   13116   12599   11784   10906 
 06/03/18 am    9957    9370    8993    8711    8595    8593    8681    9071    9718   10317   10727   10997
          pm   11229   11383   11512   11558   11584   11567   11494   11325   11228   10885   10161    9356 
 06/04/18 am    8474    8062    7818    7754    7918    8469    9294    9936   10255   10567   10886   11193
          pm   11460   11747   12021   12270   12448   12538   12415   12174   11955   11401   10424    9459 
 06/05/18 am    8575    8114    7851    7733    7865    8384    9213    9923   10302   10675   11096   11480
          pm   11833   12213   12544   12857   13100   13138   12926   12525   12239   11743   10713    9665 
 06/06/18 am    8735    8241    7951    7825    7946    8477    9342    9999   10323   10652   11007   11321
          pm   11618   11960   12252   12508   12692   12706   12507   12177   12025   11521   10539    9537 

                       RTO COMBINED HOUR ENDING INTEGRATED FORECAST LOAD MW

   Date          1       2       3       4       5       6       7       8       9      10      11      12
+-----------++------++------++------++------++------++------++------++------++------++------++------++------+
 05/31/18 am   83634   79431   76608   75058   75824   79319   85710   91523   96066  100507  105106  109296
          pm  113004  116482  119470  121172  122668  122620  120673  116986  113818  110260  102485   93698 
 06/01/18 am   86868   81705   78323   76354   76404   79415   85229   91528   96873  102041  107060  111328
          pm  114905  117695  119595  120308  120602  119465  116180  111931  108882  105670   99130   91024 
 06/02/18 am   82085   77383   74119   72019   71130   71775   73282   76490   81484   86490   90619   93788
          pm   96100   97603   98765   99733  100441  100027   98412   96176   94258   91878   86908   80786 
 06/03/18 am   73646   69577   66876   65121   64274   64478   65037   67212   71473   75600   78754   81309
          pm   83448   84925   86057   87269   88497   89381   89035   88221   87678   85783   80795   75042 
 06/04/18 am   69442   66468   64773   64164   65192   69231   75647   81153   84463   86953   89361   91259
          pm   92908   94455   95499   96404   97264   97627   96845   95367   94333   91642   85054   77959 
 06/05/18 am   71579   68072   66015   65051   65775   69488   75626   80972   84144   86566   89005   91020
          pm   92745   94518   95779   96873   97911   98259   97216   95285   94086   91721   85092   77834 
 06/06/18 am   71720   68139   66012   65067   65812   69520   75684   81019   84162   86791   89368   91656
          pm   93708   95885   97698   99239  100697  101154  100124   98229   97082   94580   87757   80272 

                       PSE&G/MIDATL HOUR ENDING INTEGRATED FORECAST LOAD MW

   Date         1      2      3      4      5      6      7      8      9      10     11     12
+-----------++-----++-----++-----++-----++-----++-----++-----++-----++-----++-----++-----++-----+
 05/31/18 am   4189   4030   3909   3864   3885   4089   4373   4690   4882   5057   5134   5188
          pm   5193   5240   5262   5300   5372   5382   5337   5276   5280   5124   4776   4398 
 06/01/18 am   4142   3952   3827   3769   3800   3982   4283   4631   4851   4999   5130   5266
          pm   5363   5521   5671   5822   5989   6006   5912   5771   5704   5519   5171   4783 
 06/02/18 am   4557   4298   4115   4004   3950   3950   4016   4192   4456   4702   4954   5145
          pm   5287   5409   5512   5610   5723   5754   5701   5596   5533   5380   5084   4744 
 06/03/18 am   4245   3999   3819   3717   3654   3637   3626   3696   3846   3987   4100   4186
          pm   4223   4240   4270   4322   4428   4544   4588   4604   4658   4550   4293   3996 
 06/04/18 am   3700   3557   3468   3451   3510   3711   4033   4392   4562   4653   4716   4751
          pm   4755   4805   4845   4888   4980   5023   4987   4978   5035   4864   4503   4137 
 06/05/18 am   3791   3633   3526   3491   3536   3722   4044   4404   4553   4638   4701   4750
          pm   4770   4830   4868   4930   5029   5071   5029   4989   5042   4874   4504   4132 
 06/06/18 am   3843   3673   3560   3522   3561   3740   4049   4387   4542   4633   4688   4725
          pm   4741   4792   4829   4884   5001   5059   5015   4967   5028   4865   4507   4137 

                       PECO/MIDATL HOUR ENDING INTEGRATED FORECAST LOAD MW

   Date         1      2      3      4      5      6      7      8      9      10     11     12
+-----------++-----++-----++-----++-----++-----++-----++-----++-----++-----++-----++-----++-----+
 05/31/18 am   3784   3576   3460   3406   3420   3663   4018   4345   4528   4657   4797   4915
          pm   5016   5114   5197   5287   5371   5409   5296   5123   5061   4913   4540   4139 
 06/01/18 am   3900   3708   3586   3534   3585   3803   4158   4517   4776   5003   5229   5423
          pm   5584   5750   5889   5999   6074   6049   5840   5607   5516   5347   5008   4625 
 06/02/18 am   4286   4051   3877   3763   3716   3734   3824   4019   4276   4515   4675   4778
          pm   4850   4880   4912   4930   4958   4918   4826   4727   4687   4561   4337   4060 
 06/03/18 am   3698   3509   3372   3283   3252   3272   3329   3451   3629   3800   3897   3950
          pm   3975   3977   3983   4006   4074   4146   4138   4124   4186   4082   3837   3562 
 06/04/18 am   3274   3143   3076   3060   3129   3370   3724   4062   4185   4250   4318   4363
          pm   4391   4415   4426   4452   4494   4544   4486   4416   4472   4308   3960   3618 
 06/05/18 am   3366   3210   3121   3096   3152   3388   3767   4106   4248   4327   4400   4453
          pm   4492   4532   4550   4580   4626   4673   4583   4491   4535   4378   4027   3678 
 06/06/18 am   3389   3226   3131   3097   3146   3374   3753   4092   4225   4300   4364   4414
          pm   4447   4480   4504   4538   4600   4644   4564   4473   4517   4365   4023   3673 

                       PPL/MIDATL HOUR ENDING INTEGRATED FORECAST LOAD MW

   Date         1      2      3      4      5      6      7      8      9      10     11     12
+-----------++-----++-----++-----++-----++-----++-----++-----++-----++-----++-----++-----++-----+
 05/31/18 am   3858   3813   3756   3702   3737   3977   4436   4705   4817   4897   4984   5044
          pm   5163   5203   5168   5135   5141   5087   4993   4909   4852   4684   4289   3922 
 06/01/18 am   3773   3615   3506   3468   3515   3714   4108   4456   4678   4859   5030   5168
          pm   5254   5359   5423   5450   5502   5436   5301   5152   5025   4876   4508   4118 
 06/02/18 am   3869   3669   3530   3438   3407   3470   3601   3807   4075   4321   4488   4592
          pm   4656   4693   4719   4737   4757   4705   4616   4531   4461   4339   4046   3732 
 06/03/18 am   3368   3213   3108   3048   3041   3075   3153   3337   3590   3761   3880   3955
          pm   3992   3994   3982   4015   4072   4115   4114   4112   4124   4016   3739   3499 
 06/04/18 am   3261   3167   3128   3137   3236   3516   3977   4296   4411   4467   4528   4555
          pm   4555   4578   4550   4525   4549   4561   4523   4499   4518   4377   4015   3715 
 06/05/18 am   3453   3328   3258   3242   3330   3592   4077   4384   4475   4523   4585   4612
          pm   4621   4660   4633   4603   4622   4612   4564   4527   4514   4369   4000   3692 
 06/06/18 am   3437   3302   3240   3219   3300   3571   4043   4346   4449   4499   4568   4601
          pm   4608   4656   4627   4603   4628   4622   4567   4530   4524   4386   4023   3708 

                       UGI/MIDATL HOUR ENDING INTEGRATED FORECAST LOAD MW

   Date         1      2      3      4      5      6      7      8      9      10     11     12
+-----------++-----++-----++-----++-----++-----++-----++-----++-----++-----++-----++-----++-----+
 05/31/18 am     94     99     94     91     92     97    107    116    120    123    126    129
          pm    129    130    129    128    129    129    127    125    127    124    113    101 
 06/01/18 am     88     82     80     78     79     84     95    104    109    113    117    120
          pm    122    123    124    124    125    125    122    119    120    117    108     95 
 06/02/18 am     91     85     80     78     77     79     82     89     98    105    111    114
          pm    117    118    119    120    121    120    119    116    116    114    105     96 
 06/03/18 am     83     78     75     73     73     75     78     83     91     97    102    104
          pm    106    106    105    105    107    109    109    109    112    108     99     90 
 06/04/18 am     81     77     76     76     78     86     99    108    111    113    115    116
          pm    115    114    113    112    113    114    114    114    117    114    102     91 
 06/05/18 am     83     78     76     75     77     85     97    107    110    111    113    113
          pm    113    113    112    112    113    114    114    113    117    113    101     90 
 06/06/18 am     82     77     74     74     76     84     96    105    108    110    111    112
          pm    112    113    113    112    114    114    114    113    116    113    101     89 

                       BG&E/MIDATL HOUR ENDING INTEGRATED FORECAST LOAD MW

   Date         1      2      3      4      5      6      7      8      9      10     11     12
+-----------++-----++-----++-----++-----++-----++-----++-----++-----++-----++-----++-----++-----+
 05/31/18 am   2973   2791   2677   2626   2663   2852   3132   3369   3511   3656   3813   3961
          pm   4093   4210   4328   4414   4480   4495   4447   4372   4316   4154   3791   3404 
 06/01/18 am   3152   2953   2832   2776   2803   2979   3262   3551   3776   3995   4235   4447
          pm   4638   4817   4982   5077   5131   5108   4948   4732   4574   4389   4056   3689 
 06/02/18 am   3335   3114   2953   2851   2808   2832   2906   3086   3342   3585   3785   3934
          pm   4044   4111   4185   4231   4237   4188   4083   3965   3887   3757   3509   3224 
 06/03/18 am   2917   2732   2609   2527   2501   2519   2560   2654   2831   2982   3087   3155
          pm   3192   3206   3235   3243   3273   3307   3314   3320   3359   3276   3054   2805 
 06/04/18 am   2469   2344   2283   2269   2335   2536   2824   3020   3091   3127   3169   3200
          pm   3223   3255   3308   3369   3450   3523   3530   3531   3550   3412   3118   2810 
 06/05/18 am   2548   2411   2336   2310   2364   2553   2837   3039   3113   3170   3237   3292
          pm   3342   3402   3475   3537   3617   3681   3660   3599   3609   3487   3179   2853 
 06/06/18 am   2592   2447   2364   2333   2385   2570   2853   3056   3133   3184   3245   3293
          pm   3339   3391   3460   3527   3605   3666   3645   3595   3606   3481   3172   2848 

                       JCP&L/MIDATL HOUR ENDING INTEGRATED FORECAST LOAD MW

   Date         1      2      3      4      5      6      7      8      9      10     11     12
+-----------++-----++-----++-----++-----++-----++-----++-----++-----++-----++-----++-----++-----+
 05/31/18 am   2034   1885   1824   1796   1828   1951   2176   2346   2447   2516   2580   2612
          pm   2630   2657   2685   2712   2769   2836   2856   2829   2799   2674   2444   2205 
 06/01/18 am   2022   1905   1849   1831   1853   1967   2167   2330   2436   2529   2624   2708
          pm   2807   2934   3053   3162   3280   3350   3321   3214   3120   2975   2734   2456 
 06/02/18 am   2266   2108   1997   1937   1913   1932   1993   2106   2286   2475   2645   2788
          pm   2917   3020   3112   3182   3251   3281   3239   3116   3005   2864   2657   2414 
 06/03/18 am   2112   1956   1861   1802   1775   1785   1808   1883   2008   2133   2216   2251
          pm   2276   2300   2332   2373   2445   2531   2573   2560   2542   2431   2239   2024 
 06/04/18 am   1820   1738   1694   1685   1728   1858   2061   2223   2286   2325   2359   2364
          pm   2371   2391   2409   2434   2505   2590   2628   2636   2645   2517   2274   2038 
 06/05/18 am   1845   1758   1711   1699   1736   1858   2075   2231   2292   2333   2365   2372
          pm   2392   2426   2455   2496   2559   2631   2657   2662   2677   2561   2315   2075 
 06/06/18 am   1882   1788   1738   1729   1758   1884   2098   2248   2307   2348   2378   2384
          pm   2405   2438   2470   2504   2581   2653   2679   2666   2671   2557   2318   2077 

                       METED/MIDATL HOUR ENDING INTEGRATED FORECAST LOAD MW

   Date         1      2      3      4      5      6      7      8      9      10     11     12
+-----------++-----++-----++-----++-----++-----++-----++-----++-----++-----++-----++-----++-----+
 05/31/18 am   1606   1529   1477   1461   1475   1572   1728   1816   1855   1879   1921   1948
          pm   2019   2047   2039   2032   2031   2030   2011   1981   1974   1921   1770   1624 
 06/01/18 am   1609   1531   1482   1462   1482   1568   1700   1808   1884   1960   2043   2115
          pm   2168   2227   2263   2292   2302   2279   2218   2136   2091   2030   1876   1712 
 06/02/18 am   1613   1517   1460   1415   1398   1415   1459   1545   1656   1745   1822   1868
          pm   1896   1913   1930   1940   1948   1930   1880   1828   1791   1738   1631   1508 
 06/03/18 am   1377   1305   1262   1229   1224   1232   1268   1334   1422   1494   1548   1578
          pm   1593   1593   1592   1607   1624   1633   1624   1628   1636   1588   1496   1399 
 06/04/18 am   1318   1283   1265   1271   1311   1435   1593   1692   1733   1752   1781   1794
          pm   1790   1799   1781   1772   1782   1793   1797   1789   1810   1763   1628   1507 
 06/05/18 am   1412   1359   1330   1325   1361   1471   1628   1718   1744   1752   1779   1794
          pm   1798   1808   1795   1767   1757   1783   1775   1769   1796   1760   1623   1497 
 06/06/18 am   1422   1367   1338   1331   1367   1474   1628   1716   1743   1754   1781   1797
          pm   1799   1814   1802   1783   1782   1801   1793   1785   1805   1764   1628   1505 

                       PENELEC/MIDATL HOUR ENDING INTEGRATED FORECAST LOAD MW

   Date         1      2      3      4      5      6      7      8      9      10     11     12
+-----------++-----++-----++-----++-----++-----++-----++-----++-----++-----++-----++-----++-----+
 05/31/18 am   1857   1769   1733   1707   1728   1845   2031   2167   2245   2301   2370   2407
          pm   2436   2468   2438   2404   2388   2352   2311   2264   2248   2203   2020   1830 
 06/01/18 am   1776   1698   1648   1628   1648   1750   1912   2046   2134   2211   2277   2309
          pm   2333   2359   2331   2305   2282   2237   2189   2132   2099   2059   1917   1763 
 06/02/18 am   1623   1554   1511   1484   1495   1522   1574   1653   1739   1825   1872   1898
          pm   1895   1891   1882   1885   1906   1900   1881   1860   1865   1835   1725   1608 
 06/03/18 am   1488   1428   1394   1367   1372   1388   1420   1496   1588   1667   1713   1756
          pm   1782   1792   1796   1813   1853   1873   1870   1863   1886   1863   1757   1647 
 06/04/18 am   1550   1505   1483   1474   1520   1632   1806   1927   1987   2032   2074   2088
          pm   2093   2114   2083   2058   2049   2037   2025   2019   2040   2005   1850   1716 
 06/05/18 am   1624   1560   1530   1527   1560   1667   1836   1954   2004   2038   2070   2085
          pm   2090   2101   2076   2043   2045   2031   2006   1993   2009   1993   1848   1701 
 06/06/18 am   1603   1543   1519   1512   1546   1654   1823   1940   1985   2027   2054   2067
          pm   2071   2079   2050   2027   2018   2004   1986   1970   1993   1971   1827   1681 

                       PEPCO/MIDATL HOUR ENDING INTEGRATED FORECAST LOAD MW

   Date         1      2      3      4      5      6      7      8      9      10     11     12
+-----------++-----++-----++-----++-----++-----++-----++-----++-----++-----++-----++-----++-----+
 05/31/18 am   3075   2971   2841   2799   2865   3092   3431   3677   3828   3957   4081   4194
          pm   4302   4408   4494   4583   4645   4640   4495   4350   4231   4059   3753   3436 
 06/01/18 am   3214   3043   2934   2890   2945   3168   3489   3781   4013   4221   4410   4612
          pm   4778   4935   5075   5198   5276   5252   5020   4780   4569   4364   4065   3760 
 06/02/18 am   3457   3256   3109   3009   2961   2984   3052   3209   3469   3704   3883   4013
          pm   4107   4149   4203   4226   4238   4207   4119   4015   3933   3797   3586   3346 
 06/03/18 am   3075   2890   2758   2672   2627   2627   2653   2729   2881   3019   3102   3155
          pm   3184   3200   3214   3226   3246   3264   3271   3282   3313   3234   3047   2831 
 06/04/18 am   2564   2442   2383   2376   2456   2690   3016   3250   3352   3398   3431   3476
          pm   3503   3538   3580   3652   3727   3765   3678   3589   3510   3364   3107   2847 
 06/05/18 am   2569   2438   2368   2349   2421   2649   2982   3226   3341   3406   3462   3523
          pm   3582   3640   3708   3788   3863   3889   3782   3667   3589   3450   3174   2892 
 06/06/18 am   2619   2474   2395   2369   2430   2654   2984   3231   3343   3412   3461   3513
          pm   3563   3610   3668   3739   3809   3823   3715   3608   3537   3401   3131   2852 

                       AE/MIDATL HOUR ENDING INTEGRATED FORECAST LOAD MW

   Date         1      2      3      4      5      6      7      8      9      10     11     12
+-----------++-----++-----++-----++-----++-----++-----++-----++-----++-----++-----++-----++-----+
 05/31/18 am    980    946    916    900    906    954   1032   1081   1103   1118   1126   1134
          pm   1145   1163   1176   1195   1228   1258   1284   1293   1310   1266   1166   1065 
 06/01/18 am    998    945    914    898    905    940   1007   1062   1091   1111   1133   1161
          pm   1198   1247   1305   1366   1428   1472   1485   1456   1444   1391   1284   1172 
 06/02/18 am   1100   1031    986    960    952    959    982   1027   1095   1163   1222   1273
          pm   1320   1367   1414   1459   1513   1552   1557   1510   1475   1417   1322   1218 
 06/03/18 am   1056    990    948    922    914    919    928    955   1002   1041   1062   1070
          pm   1086   1108   1123   1144   1178   1224   1228   1227   1236   1190   1104   1014 
 06/04/18 am    939    898    876    869    882    930   1005   1054   1067   1069   1064   1055
          pm   1055   1069   1080   1099   1138   1184   1220   1240   1265   1219   1119   1023 
 06/05/18 am    930    888    866    856    867    911    983   1025   1032   1029   1021   1014
          pm   1029   1037   1052   1080   1117   1163   1199   1221   1253   1212   1111   1012 
 06/06/18 am    926    881    859    849    859    905    981   1026   1032   1027   1020   1016
          pm   1024   1036   1050   1076   1116   1164   1197   1215   1246   1205   1105   1007 

                       DP&L/MIDATL HOUR ENDING INTEGRATED FORECAST LOAD MW

   Date         1      2      3      4      5      6      7      8      9      10     11     12
+-----------++-----++-----++-----++-----++-----++-----++-----++-----++-----++-----++-----++-----+
 05/31/18 am   1744   1596   1553   1532   1556   1658   1819   1941   2025   2112   2195   2269
          pm   2340   2406   2469   2524   2583   2612   2592   2525   2478   2368   2168   1959 
 06/01/18 am   1860   1750   1688   1666   1678   1772   1945   2096   2238   2382   2526   2661
          pm   2776   2886   2976   3051   3106   3103   3033   2899   2800   2662   2448   2220 
 06/02/18 am   2026   1898   1819   1758   1735   1752   1809   1918   2076   2223   2337   2415
          pm   2485   2537   2585   2625   2674   2667   2610   2514   2438   2322   2150   1958 
 06/03/18 am   1744   1634   1566   1521   1502   1509   1535   1617   1744   1855   1925   1958
          pm   1977   1984   1991   2003   2036   2057   2055   2039   2039   1965   1828   1676 
 06/04/18 am   1465   1404   1375   1370   1402   1518   1698   1800   1834   1865   1886   1904
          pm   1914   1933   1948   1985   2041   2106   2129   2117   2124   2025   1840   1660 
 06/05/18 am   1526   1454   1417   1407   1431   1535   1710   1807   1836   1873   1909   1940
          pm   1966   2000   2038   2088   2150   2203   2208   2180   2167   2065   1869   1682 
 06/06/18 am   1545   1469   1431   1416   1440   1547   1717   1812   1847   1884   1922   1952
          pm   1975   2005   2037   2084   2142   2196   2206   2177   2165   2065   1872   1689 

                       RECO/MIDATL HOUR ENDING INTEGRATED FORECAST LOAD MW

   Date         1      2      3      4      5      6      7      8      9      10     11     12
+-----------++-----++-----++-----++-----++-----++-----++-----++-----++-----++-----++-----++-----+
 05/31/18 am    161    160    155    151    152    159    173    192    207    216    221    225
          pm    225    226    228    229    231    230    224    218    217    210    191    172 
 06/01/18 am    158    149    145    143    145    153    167    186    202    213    222    229
          pm    234    242    251    258    264    259    249    239    232    222    205    185 
 06/02/18 am    171    161    153    149    146    147    151    161    177    190    202    213
          pm    221    228    237    241    245    243    237    229    222    214    199    182 
 06/03/18 am    162    153    147    143    141    141    143    147    156    164    169    173
          pm    174    175    176    177    181    184    186    186    188    182    168    154 
 06/04/18 am    142    137    134    134    136    144    159    176    188    196    200    201
          pm    202    203    205    207    208    207    204    202    203    193    175    158 
 06/05/18 am    145    139    135    134    136    144    159    179    190    197    202    205
          pm    206    209    211    212    214    212    209    205    206    197    179    160 
 06/06/18 am    148    140    136    135    137    145    159    178    190    197    202    204
          pm    206    210    211    214    215    214    209    205    207    198    179    161 


